   0.0000000000000000     
   9.2764378000000005E-004
   1.8552875999999999E-003
   2.7829313999999999E-003
   3.7105750999999998E-003
   4.6382189000000002E-003
   5.5658627000000002E-003
   6.4935065000000002E-003
   7.4211503000000002E-003
   8.3487940999999993E-003
   9.2764378000000005E-003
   1.0204082000000000E-002
   1.1131725000000000E-002
   1.2059369000000000E-002
   1.2987013000000000E-002
   1.3914657000000000E-002
   1.4842301000000000E-002
   1.5769944000000001E-002
   1.6697587999999999E-002
   1.7625232000000001E-002
   1.8552875999999999E-002
   1.9480519000000002E-002
   2.0408163000000000E-002
   2.1335806999999998E-002
   2.2263451000000000E-002
   2.3191094999999998E-002
   2.4118738000000001E-002
   2.5046381999999999E-002
   2.5974026000000001E-002
   2.6901669999999999E-002
   2.7829314000000001E-002
   2.8756957000000000E-002
   2.9684601000000001E-002
   3.0612245000000000E-002
   3.1539889000000002E-002
   3.2467532000000000E-002
   3.3395175999999999E-002
   3.4322819999999997E-002
   3.5250464000000002E-002
   3.6178108000000000E-002
   3.7105750999999999E-002
   3.8033394999999998E-002
   3.8961039000000003E-002
   3.9888683000000001E-002
   4.0816326999999999E-002
   4.1743969999999998E-002
   4.2671613999999997E-002
   4.3599258000000002E-002
   4.4526902000000000E-002
   4.5454544999999999E-002
   4.6382188999999997E-002
   4.7309833000000003E-002
   4.8237477000000001E-002
   4.9165120999999999E-002
   5.0092763999999998E-002
   5.1020408000000003E-002
   5.1948052000000002E-002
   5.2875696000000000E-002
   5.3803339999999998E-002
   5.4730982999999997E-002
   5.5658627000000002E-002
   5.6586271000000000E-002
   5.7513914999999999E-002
   5.8441557999999998E-002
   5.9369202000000003E-002
   6.0296846000000001E-002
   6.1224489999999999E-002
   6.2152133999999998E-002
   6.3079777000000004E-002
   6.4007420999999995E-002
   6.4935065000000000E-002
   6.5862709000000005E-002
   6.6790352999999997E-002
   6.7717996000000003E-002
   6.8645639999999994E-002
   6.9573283999999999E-002
   7.0500928000000004E-002
   7.1428570999999996E-002
   7.2356215000000002E-002
   7.3283859000000007E-002
   7.4211502999999998E-002
   7.5139147000000003E-002
   7.6066789999999995E-002
   7.6994434000000000E-002
   7.7922078000000006E-002
   7.8849721999999997E-002
   7.9777365000000003E-002
   8.0705008999999994E-002
   8.1632652999999999E-002
   8.2560297000000005E-002
   8.3487940999999996E-002
   8.4415584000000002E-002
   8.5343227999999993E-002
   8.6270871999999998E-002
   8.7198516000000004E-002
   8.8126159999999995E-002
   8.9053803000000001E-002
   8.9981447000000006E-002
   9.0909090999999997E-002
   9.1836735000000003E-002
   9.2764377999999995E-002
   9.3692022000000000E-002
   9.4619666000000005E-002
   9.5547309999999996E-002
   9.6474954000000002E-002
   9.7402596999999994E-002
   9.8330240999999999E-002
   9.9257885000000004E-002
  0.10018552999999999     
  0.10111317000000000     
  0.10204082000000000     
  0.10296846000000000     
  0.10389610000000001     
  0.10482374999999999     
  0.10575139000000000     
  0.10667904000000000     
  0.10760668000000000     
  0.10853432000000000     
  0.10946197000000001     
  0.11038961000000000     
  0.11131725000000001     
  0.11224489999999999     
  0.11317254000000000     
  0.11410019000000000     
  0.11502783000000000     
  0.11595547000000000     
  0.11688311999999999     
  0.11781076000000000     
  0.11873839999999999     
  0.11966605000000000     
  0.12059369000000000     
  0.12152134000000001     
  0.12244898000000000     
  0.12337662000000001     
  0.12430426999999999     
  0.12523191000000000     
  0.12615955000000001     
  0.12708720000000001     
  0.12801483999999999     
  0.12894248999999999     
  0.12987013000000000     
  0.13079777000000001     
  0.13172542000000001     
  0.13265305999999999     
  0.13358070999999999     
  0.13450835000000000     
  0.13543599000000001     
  0.13636364000000001     
  0.13729127999999999     
  0.13821892000000000     
  0.13914657000000000     
  0.14007421000000000     
  0.14100186000000001     
  0.14192949999999999     
  0.14285713999999999     
  0.14378479000000000     
  0.14471243000000000     
  0.14564007000000001     
  0.14656772000000001     
  0.14749535999999999     
  0.14842300999999999     
  0.14935065000000000     
  0.15027829000000001     
  0.15120594000000001     
  0.15213357999999999     
  0.15306122000000000     
  0.15398887000000000     
  0.15491651000000001     
  0.15584416000000001     
  0.15677179999999999     
  0.15769944000000000     
  0.15862709000000000     
  0.15955473000000001     
  0.16048237000000001     
  0.16141001999999999     
  0.16233765999999999     
  0.16326531000000000     
  0.16419295000000000     
  0.16512059000000001     
  0.16604824000000001     
  0.16697587999999999     
  0.16790353000000000     
  0.16883117000000000     
  0.16975881000000001     
  0.17068646000000001     
  0.17161409999999999     
  0.17254174000000000     
  0.17346939000000000     
  0.17439703000000001     
  0.17532468000000001     
  0.17625231999999999     
  0.17717996000000000     
  0.17810761000000000     
  0.17903525000000001     
  0.17996288999999999     
  0.18089053999999999     
  0.18181818000000000     
  0.18274583000000000     
  0.18367347000000001     
  0.18460111000000001     
  0.18552875999999999     
  0.18645639999999999     
  0.18738404000000000     
  0.18831169000000000     
  0.18923933000000001     
  0.19016698000000001     
  0.19109461999999999     
  0.19202226000000000     
  0.19294991000000000     
  0.19387755000000001     
  0.19480518999999999     
  0.19573283999999999     
  0.19666048000000000     
  0.19758813000000000     
  0.19851577000000001     
  0.19944340999999999     
  0.20037105999999999     
  0.20129870000000000     
  0.20222635000000000     
  0.20315399000000001     
  0.20408163000000001     
  0.20500927999999999     
  0.20593692000000000     
  0.20686456000000000     
  0.20779221000000000     
  0.20871985000000001     
  0.20964749999999999     
  0.21057513999999999     
  0.21150278000000000     
  0.21243043000000000     
  0.21335807000000001     
  0.21428570999999999     
  0.21521335999999999     
  0.21614100000000000     
  0.21706865000000000     
  0.21799629000000001     
  0.21892392999999999     
  0.21985157999999999     
  0.22077922000000000     
  0.22170686000000001     
  0.22263451000000001     
  0.22356214999999999     
  0.22448979999999999     
  0.22541744000000000     
  0.22634508000000000     
  0.22727273000000001     
  0.22820037000000001     
  0.22912800999999999     
  0.23005566000000000     
  0.23098330000000000     
  0.23191095000000000     
  0.23283859000000001     
  0.23376622999999999     
  0.23469387999999999     
  0.23562152000000000     
  0.23654917000000000     
  0.23747681000000001     
  0.23840444999999999     
  0.23933209999999999     
  0.24025974000000000     
  0.24118738000000001     
  0.24211503000000001     
  0.24304266999999999     
  0.24397031999999999     
  0.24489796000000000     
  0.24582560000000001     
  0.24675325000000001     
  0.24768088999999999     
  0.24860852999999999     
  0.24953618000000000     
  0.25046382000000000     
  0.25139147000000001     
  0.25231911000000001     
  0.25324675000000002     
  0.25417440000000002     
  0.25510203999999997     
  0.25602967999999998     
  0.25695732999999998     
  0.25788496999999999     
  0.25881261999999999     
  0.25974026000000000     
  0.26066790000000001     
  0.26159555000000001     
  0.26252319000000002     
  0.26345083000000002     
  0.26437848000000003     
  0.26530611999999998     
  0.26623376999999998     
  0.26716140999999999     
  0.26808905000000000     
  0.26901670000000000     
  0.26994434000000000     
  0.27087199000000001     
  0.27179963000000001     
  0.27272727000000002     
  0.27365492000000002     
  0.27458255999999998     
  0.27551019999999998     
  0.27643784999999998     
  0.27736548999999999     
  0.27829313999999999     
  0.27922078000000000     
  0.28014842000000001     
  0.28107607000000001     
  0.28200371000000002     
  0.28293135000000003     
  0.28385899999999997     
  0.28478663999999998     
  0.28571428999999998     
  0.28664192999999999     
  0.28756957000000000     
  0.28849722000000000     
  0.28942486000000001     
  0.29035250000000001     
  0.29128015000000002     
  0.29220779000000002     
  0.29313544000000002     
  0.29406307999999998     
  0.29499071999999998     
  0.29591836999999999     
  0.29684600999999999     
  0.29777365000000000     
  0.29870130000000000     
  0.29962894000000001     
  0.30055659000000001     
  0.30148423000000002     
  0.30241187000000003     
  0.30333951999999997     
  0.30426715999999998     
  0.30519480999999998     
  0.30612244999999999     
  0.30705009000000000     
  0.30797774000000000     
  0.30890538000000001     
  0.30983302000000001     
  0.31076067000000002     
  0.31168831000000002     
  0.31261596000000003     
  0.31354359999999998     
  0.31447123999999999     
  0.31539888999999999     
  0.31632652999999999     
  0.31725417000000000     
  0.31818182000000000     
  0.31910946000000001     
  0.32003711000000001     
  0.32096475000000002     
  0.32189238999999997     
  0.32282003999999997     
  0.32374767999999998     
  0.32467531999999999     
  0.32560296999999999     
  0.32653061000000000     
  0.32745826000000000     
  0.32838590000000001     
  0.32931354000000002     
  0.33024119000000002     
  0.33116883000000003     
  0.33209646999999998     
  0.33302411999999998     
  0.33395175999999999     
  0.33487940999999999     
  0.33580705000000000     
  0.33673469000000000     
  0.33766234000000001     
  0.33858998000000001     
  0.33951763000000001     
  0.34044527000000002     
  0.34137290999999997     
  0.34230055999999998     
  0.34322819999999998     
  0.34415583999999999     
  0.34508348999999999     
  0.34601113000000000     
  0.34693878000000000     
  0.34786642000000001     
  0.34879406000000002     
  0.34972171000000002     
  0.35064935000000003     
  0.35157698999999998     
  0.35250463999999998     
  0.35343227999999999     
  0.35435992999999999     
  0.35528757000000000     
  0.35621521000000000     
  0.35714286000000001     
  0.35807050000000001     
  0.35899814000000002     
  0.35992579000000002     
  0.36085342999999998     
  0.36178107999999998     
  0.36270871999999998     
  0.36363635999999999     
  0.36456400999999999     
  0.36549165000000000     
  0.36641929000000001     
  0.36734694000000001     
  0.36827458000000002     
  0.36920223000000002     
  0.37012987000000003     
  0.37105750999999998     
  0.37198515999999998     
  0.37291279999999999     
  0.37384044999999999     
  0.37476809000000000     
  0.37569573000000001     
  0.37662338000000001     
  0.37755102000000001     
  0.37847866000000002     
  0.37940631000000002     
  0.38033394999999998     
  0.38126159999999998     
  0.38218923999999999     
  0.38311687999999999     
  0.38404453000000000     
  0.38497217000000000     
  0.38589981000000001     
  0.38682746000000001     
  0.38775510000000002     
  0.38868275000000002     
  0.38961038999999997     
  0.39053802999999998     
  0.39146567999999998     
  0.39239331999999999     
  0.39332096000000000     
  0.39424861000000000     
  0.39517625000000001     
  0.39610390000000001     
  0.39703154000000002     
  0.39795918000000002     
  0.39888683000000003     
  0.39981446999999998     
  0.40074211999999998     
  0.40166975999999999     
  0.40259739999999999     
  0.40352505000000000     
  0.40445269000000000     
  0.40538033000000001     
  0.40630798000000001     
  0.40723562000000002     
  0.40816327000000002     
  0.40909090999999997     
  0.41001854999999998     
  0.41094619999999998     
  0.41187383999999999     
  0.41280148000000000     
  0.41372913000000000     
  0.41465677000000001     
  0.41558442000000001     
  0.41651206000000002     
  0.41743970000000002     
  0.41836735000000003     
  0.41929498999999998     
  0.42022262999999999     
  0.42115027999999999     
  0.42207792000000000     
  0.42300557000000000     
  0.42393321000000000     
  0.42486085000000001     
  0.42578850000000001     
  0.42671614000000002     
  0.42764377999999997     
  0.42857142999999998     
  0.42949906999999998     
  0.43042671999999998     
  0.43135435999999999     
  0.43228200000000000     
  0.43320965000000000     
  0.43413729000000001     
  0.43506494000000001     
  0.43599258000000002     
  0.43692022000000003     
  0.43784786999999997     
  0.43877550999999998     
  0.43970314999999999     
  0.44063079999999999     
  0.44155844000000000     
  0.44248609000000000     
  0.44341373000000001     
  0.44434137000000001     
  0.44526902000000002     
  0.44619666000000002     
  0.44712429999999997     
  0.44805194999999998     
  0.44897958999999998     
  0.44990723999999999     
  0.45083487999999999     
  0.45176252000000000     
  0.45269017000000000     
  0.45361781000000001     
  0.45454545000000002     
  0.45547310000000002     
  0.45640074000000003     
  0.45732838999999997     
  0.45825602999999998     
  0.45918366999999999     
  0.46011131999999999     
  0.46103896000000000     
  0.46196660000000001     
  0.46289425000000001     
  0.46382189000000001     
  0.46474954000000002     
  0.46567718000000002     
  0.46660481999999998     
  0.46753246999999998     
  0.46846010999999999     
  0.46938775999999999     
  0.47031539999999999     
  0.47124304000000000     
  0.47217069000000000     
  0.47309833000000001     
  0.47402597000000002     
  0.47495362000000002     
  0.47588125999999997     
  0.47680890999999997     
  0.47773654999999998     
  0.47866418999999999     
  0.47959183999999999     
  0.48051948000000000     
  0.48144712000000001     
  0.48237477000000001     
  0.48330241000000002     
  0.48423006000000002     
  0.48515770000000003     
  0.48608533999999998     
  0.48701298999999998     
  0.48794062999999999     
  0.48886826999999999     
  0.48979592000000000     
  0.49072356000000000     
  0.49165121000000001     
  0.49257885000000001     
  0.49350649000000002     
  0.49443414000000002     
  0.49536177999999997     
  0.49628941999999998     
  0.49721706999999998     
  0.49814470999999999     
  0.49907235999999999     
  0.50000000000000000     
